SCG_INK
3
26
32 0
32 1
32 3
32 5
32 6
32 8
32 9
32 10
32 12
32 13
32 14
32 15
32 17
32 18
32 20
32 21
32 22
32 24
32 25
32 26
32 27
32 29
32 30
31 30
30 29
29 29
53
0 37
1 37
2 37
4 37
6 37
7 37
10 37
12 37
15 37
17 37
20 37
23 36
25 36
26 36
27 35
28 35
29 35
30 35
30 34
31 34
32 34
32 33
33 33
34 33
35 33
36 33
37 33
38 33
39 33
40 33
41 33
42 33
42 34
43 34
44 34
45 34
45 35
46 35
47 35
47 36
48 36
49 36
50 36
51 36
51 37
52 37
53 37
54 37
55 37
56 37
57 37
58 37
58 36
86
21 55
21 54
21 53
22 52
23 52
24 51
25 51
25 50
26 50
27 50
28 50
29 50
30 50
31 50
32 50
33 51
34 52
34 53
35 53
36 53
37 54
37 55
37 56
37 57
37 58
37 59
37 60
37 61
37 63
37 64
37 65
37 66
37 67
37 68
37 69
37 70
36 70
35 70
35 71
35 72
34 73
33 74
33 75
32 76
31 76
31 77
31 78
30 78
30 79
30 80
30 81
29 81
29 82
28 82
27 82
27 83
27 84
26 84
26 85
25 85
25 86
24 87
24 88
23 89
23 90
23 91
23 92
23 93
22 93
22 94
22 95
23 95
24 95
25 95
26 95
27 95
28 95
29 95
31 95
32 95
33 95
35 95
36 95
37 95
38 95
39 95